-- Create Table for Voter Reg District Stats
CREATE TABLE Voter_Reg_district (
    DistrictCode,	
    CountyName,	
    Democratic,	
    Republican,	
    LibertarianGreen,	
    NoAffiliation,	
    Other,	
    Total,
);

-- Create Table for 2024 Primary Box
CREATE TABLE primary_box (
    CountyName VARCHAR, 
    TotalApplicationsApproved VARCHAR, 
    DemApplicationsApproved, 
    RepApplicationsApproved, 
    OthApplicationsApproved, 
    TotalBallotsReturned, 
    DemBallotsReturned, 
    RepBallotsReturned, 
    OthBallotsReturned
);

-- Insert Data from Voter_Reg_district
INSERT INTO Sheet1_Data (DistrictCode, CountyName, Democratic, Republican, LibertarianGreen, NoAffiliation, Other, Total)
VALUES 
    (1, BUCKS, 197938, 196076, 2541, 528, 59127, 18297, 474507)
    (1, MONTGOMERY, 33744, 35210, 433, 85, 9591, 4006, 83069)
    (2, PHILADELPHIA, 298985, 72988, 1509, 693, 54771, 9264, 438210)
    (3, PHILADELPHIA, 442439, 38645, 1678, 901, 56900, 10634, 551197)
    (4, BERKS, 33526, 43840, 592, 124, 10566, 3185, 91833)
    (4, MONTGOMERY, 225218, 154486, 2146, 501, 49663, 19716, 451730)
    (5, CHESTER, 0, 0, 0, 0, 0, 0, 0)
    (5, DELAWARE, 203486, 146206, 1470, 413, 40082, 16061, 407718)
    (5, MONTGOMERY, 44580, 16058, 331, 96, 8794, 2992, 72851)
    (5, PHILADELPHIA, 34097, 6654, 111, 57, 4200, 1068, 46187)
    (6, BERKS, 63048, 46052, 727, 209, 18081, 4857, 132974)
    (6, CHESTER, 158929, 151818, 1941, 405, 49404, 18297, 380794)
    (7, CARBON, 14569, 22017, 243, 40, 4802, 1743, 43414)
    (7, LEHIGH, 111736, 85269, 1251, 276, 39082, 6402, 244016)
    (7, MONROE, 2803, 4615, 65, 12, 1220, 389, 9104)
    (7, NORTHAMPTON, 95881, 81733, 1248, 277, 32943, 9058, 221140)
    (8, LACKAWANNA, 77943, 48109, 594, 167, 14084, 2711, 143608)
    (8, LUZERNE, 78733, 66859, 820, 239, 18084, 4299, 169034)
    (8, MONROE, 46912, 35739, 554, 120, 15992, 4650, 103967)
    (8, PIKE, 13608, 21068, 223, 58, 7124, 2173, 44254)
    (8, WAYNE, 9157, 20430, 170, 44, 4694, 903, 35398)
    (9, BERKS, 11040, 21323, 242, 52, 3817, 1290, 37764)
    (9, BRADFORD, 8246, 24137, 205, 46, 3305, 1397, 37336)
    (9, COLUMBIA, 12256, 20949, 226, 51, 4398, 1321, 39201)
    (9, LEBANON, 26240, 50838, 531, 97, 10569, 3348, 91623)
    (9, LUZERNE, 8273, 17304, 133, 18, 2662, 602, 28992)
    (9, LYCOMING, 12971, 24794, 259, 40, 4458, 1610, 44132)
    (9, MONTOUR, 3824, 6387, 54, 10, 1448, 342, 12065)
    (9, NORTHUMBERLAND, 16232, 30842, 325, 79, 5183, 2010, 54671)
    (9, SCHUYLKILL, 26502, 49614, 461, 104, 8005, 3370, 88056)
    (9, SULLIVAN, 1096, 2634, 22, 4, 319, 133, 4208)
    (9, SUSQUEHANNA, 6338, 16368, 124, 38, 2396, 1017, 26281)
    (9, WYOMING, 4664, 10589, 74, 24, 1359, 571, 17281)
    (10, CUMBERLAND, 57124, 79286, 948, 214, 20729, 5588, 163889)
    (10, DAUPHIN, 86015, 74954, 990, 249, 24509, 6727, 193444)
    (10, YORK, 56966, 76540, 985, 201, 23627, 3652, 161971)
    (11, LANCASTER, 111887, 177792, 2048, 449, 41002, 14904, 348082)
    (11, YORK, 39518, 85533, 1004, 161, 20236, 3196, 149648)
    (12, ALLEGHENY, 289635, 109550, 2217, 712, 51423, 16383, 469920)
    (12, WESTMORELAND, 28670, 41659, 456, 41, 6824, 2758, 80408)
    (15, ARMSTRONG, 11503, 26151, 217, 28, 3300, 1389, 42588)
    (15, CAMERON, 739, 1833, 11, 2, 227, 121, 2933)
    (15, CENTRE, 42250, 41032, 597, 139, 13914, 3033, 100965)
    (15, CLARION, 5733, 15037, 106, 21, 1966, 605, 23468)
    (15, CLEARFIELD, 12846, 29445, 242, 32, 3696, 1626, 47887)
    (15, CLINTON, 6460, 12490, 108, 22, 2039, 660, 21779)
    (15, ELK, 6271, 11411, 81, 19, 1518, 730, 20030)
    (15, FOREST, 837, 1959, 9, 0, 235, 117, 3157)
    (15, INDIANA, 902, 3199, 14, 0, 308, 129, 4552)
    (15, JEFFERSON, 5878, 18644, 145, 19, 2031, 848, 27565)
    (15, LYCOMING, 5619, 17413, 144, 21, 2273, 876, 26346)
    (15, McKEAN, 5566, 15475, 146, 25, 2435, 925, 24572)
    (15, POTTER, 1869, 7843, 56, 11, 902, 235, 10916)
    (15, SNYDER, 4702, 15110, 127, 26, 2027, 557, 22549)
    (15, TIOGA, 5196, 17455, 142, 30, 2620, 641, 26084)
    (15, UNION, 7525, 13716, 104, 34, 2974, 889, 25242)
    (15, VENANGO, 5046, 11885, 119, 19, 1800, 662, 19531)
    (15, WARREN, 6861, 15118, 116, 25, 2422, 1293, 25835)
    (16, BUTLER, 39715, 78837, 834, 112, 13945, 4783, 138226)
    (16, CRAWFORD, 14398, 29581, 225, 50, 4079, 1558, 49891)
    (16, ERIE, 80000, 68326, 986, 239, 18283, 6233, 174067)
    (16, LAWRENCE, 20883, 28076, 258, 37, 4841, 1764, 55859)
    (16, MERCER, 24989, 36461, 349, 68, 7570, 1736, 71173)
    (16, VENANGO, 3461, 7302, 83, 11, 1119, 409, 12385)
    (Sub Total, 183446, 248583, 2735, 517, 49837, 16483, 501601)

    (17, ALLEGHENY, 219790, 148867, 2301, 466, 46782, 16281, 434487)
    (17, BEAVER, 47831, 48796, 597, 95, 10596, 4391, 112306)
    (Sub Total, 267621, 197663, 2898, 561, 57378, 20672, 546793)

    (State Total, 3891634, 3492152, 42769, 10246, 979763, 289829, 8706393)


-- Insert Data from primary_box.xlsx
INSERT INTO primary_box (CountyName, TotalApplicationsApproved, DemApplicationsApproved, RepApplicationsApproved, OthApplicationsApproved, TotalBallotsReturned, DemBallotsReturned, RepBallotsReturned, OthBallotsReturned)
VALUES
    (ADAMS, 7031, 4115, 2915, 1, 6, 2, 4, 0)
    (ALLEGHENY, 117448, 96170, 21272, 6, 20812, 16882, 3929, 1)
    (ARMSTRONG, 2898, 1837, 1060, 1, 139, 136, 3, 0)
    (BEAVER, 9955, 7589, 2366, 0, 523, 404, 119, 0)
    (BEDFORD, 2234, 1065, 1169, 0, 50, 33, 17, 0)
    (BERKS, 19786, 13801, 5985, 0, 11, 7, 4, 0)
    (BLAIR, 6533, 3471, 3062, 0, 130, 71, 59, 0)
    (BRADFORD, 2556, 1371, 1181, 4, 212, 103, 109, 0)
    (BUCKS, 59842, 42800, 17038, 4, 222, 143, 79, 0)
    (BUTLER, 13361, 8591, 4755, 15, 4825, 3202, 1622, 1)
    (CAMBRIA, 6953, 4852, 2101, 0, 1262, 884, 378, 0)
    (CAMERON, 288, 122, 166, 0, 117, 51, 66, 0)
    (CARBON, 3224, 2135, 1089, 0, 0, 0, 0, 0)
    (CENTRE, 10275, 7331, 2944, 0, 2726, 1935, 791, 0)
    (CHESTER, 40887, 29880, 11006, 1, 6304, 4441, 1863, 0)
    (CLARION, 1619, 927, 692, 0, 276, 163, 113, 0)
    (CLEARFIELD, 3151, 1947, 1202, 2, 200, 64, 136, 0)
    (CLINTON, 1672, 1041, 631, 0, 495, 295, 200, 0)
    (COLUMBIA, 2872, 1902, 970, 0, 44, 26, 18, 0)
    (CRAWFORD, 4220, 2682, 1536, 2, 1712, 1104, 608, 0)
    (CUMBERLAND, 17829, 11577, 6251, 1, 2534, 1555, 979, 0)
    (DAUPHIN, 17270, 12438, 4828, 4, 2128, 1471, 657, 0)
    (DELAWARE, 37855, 27950, 9898, 7, 491, 361, 130, 0)
    (ELK, 1546, 990, 556, 0, 339, 211, 128, 0)
    (ERIE, 19080, 14703, 4365, 12, 404, 294, 110, 0)
    (FAYETTE, 7277, 5584, 1692, 1, 3123, 2509, 614, 0)
    (FOREST, 263, 150, 113, 0, 109, 51, 58, 0)
    (FRANKLIN, 6753, 3937, 2816, 0, 2487, 1488, 999, 0)
    (FULTON, 382, 163, 217, 2, 0, 0, 0, 0)
    (GREENE, 1772, 1321, 450, 1, 383, 320, 63, 0)
    (HUNTINGDON, 1744, 964, 778, 2, 0, 0, 0, 0)
    (INDIANA, 4371, 2873, 1498, 0, 912, 556, 356, 0)
    (JEFFERSON, 1733, 918, 812, 3, 774, 404, 370, 0)
    (JUNIATA, 806, 430, 376, 0, 9, 7, 2, 0)
    (LACKAWANNA, 14870, 12085, 2785, 0, 386, 345, 41, 0)
    (LANCASTER, 25363, 15943, 9410, 10, 3772, 2261, 1511, 0)
    (LAWRENCE, 4726, 3254, 1472, 0, 568, 295, 273, 0)
    (LEBANON, 7643, 4471, 3163, 9, 2011, 1152, 858, 1)
    (LEHIGH, 25490, 18505, 6760, 225, 28, 18, 9, 1)
    (LUZERNE, 24566, 16464, 6649, 1453, 1695, 1098, 504, 93)
    (LYCOMING, 4341, 2569, 1772, 0, 334, 142, 192, 0)
    (McKEAN, 1445, 811, 633, 1, 322, 175, 147, 0)
    (MERCER, 5664, 3832, 1831, 1, 2312, 1620, 692, 0)
    (MIFFLIN, 1978, 997, 980, 1, 6, 5, 1, 0)
    (MONROE, 10420, 7752, 2664, 4, 1084, 813, 271, 0)
    (MONTGOMERY, 75155, 57813, 17329, 13, 81, 42, 39, 0)
    (MONTOUR, 1048, 625, 422, 1, 124, 72, 52, 0)
    (NORTHAMPTON, 25661, 19177, 6476, 8, 93, 50, 43, 0)
    (NORTHUMBERLAND, 3501, 2049, 1439, 13, 229, 116, 112, 1)
    (PERRY, 2005, 1105, 900, 0, 30, 8, 22, 0)
    (PHILADELPHIA, 88259, 76622, 5688, 5949, 22066, 19373, 1565, 1128)
    (PIKE, 5040, 2899, 1613, 528, 1495, 839, 481, 175)
    (POTTER, 611, 319, 292, 0, 83, 37, 46, 0)
    (SCHUYLKILL, 6229, 3694, 2534, 1, 2866, 1778, 1088, 0)
    (SNYDER, 1698, 892, 805, 1, 2, 2, 0, 0)
    (SOMERSET, 3135, 1781, 1349, 5, 504, 418, 86, 0)
    (SULLIVAN, 344, 193, 151, 0, 65, 49, 16, 0)
    (SUSQUEHANNA, 2004, 1135, 869, 0, 25, 12, 13, 0)
    (TIOGA, 1479, 689, 789, 1, 285, 124, 161, 0)
    (UNION, 1998, 1263, 734, 1, 47, 36, 11, 0)
    (VENANGO, 2636, 1608, 1028, 0, 381, 254, 127, 0)
    (WARREN, 1869, 1099, 770, 0, 708, 421, 287, 0)
    (WASHINGTON, 13540, 10090, 3450, 0, 2013, 1661, 352, 0)
    (WAYNE, 3363, 1813, 1375, 175, 1116, 606, 456, 54)
    (WESTMORELAND, 26471, 18761, 7707, 3, 4074, 2941, 1133, 0)
    (WYOMING, 1338, 751, 587, 0, 665, 370, 295, 0)
    (YORK, 25831, 16502, 9314, 15, 33, 13, 20, 0)
